e59fd01c
e59f000c
e59f100c
e59f200c
eb000004
eafffffe
01000000
02000000
03000000
04000100
e92d41f0
e3a0e000
e59f5084
e1a04005
e3a07001
e085618e
e3a03000
e7d0800e
e7d1c00e
e02cc008
e00cc317
e1a0c35c
e7c6c003
e2833001
e3530008
1afffff6
e28ee001
e35e0040
1afffff1
e3a05001
e1a0e315
e59f0038
e3a01000
e2800002
e151000e
aa000005
e550c002
e5506001
e08cc006
e7c1c004
e2811001
eafffff6
e2533001
2afffff1
e5d43000
e5823000
e8bd81f0
000000c4
00000000
00000000
00000000
00000000
00000000
00000000
00000000
00000000
00000000
00000000
00000000
00000000
00000000
00000000
00000000
00000000
00000000
00000000
00000000
00000000
00000000
00000000
00000000
00000000
00000000
00000000
00000000
00000000
00000000
00000000
00000000
00000000
00000000
00000000
00000000
00000000
00000000
00000000
00000000
00000000
00000000
00000000
00000000
00000000
00000000
00000000
00000000
00000000
00000000
00000000
00000000
00000000
00000000
00000000
00000000
00000000
00000000
00000000
00000000
00000000
00000000
00000000
00000000
00000000
00000000
00000000
00000000
00000000
00000000
00000000
00000000
00000000
00000000
00000000
00000000
00000000
00000000
00000000
00000000
00000000
00000000
00000000
00000000
00000000
00000000
00000000
00000000
00000000
00000000
00000000
00000000
00000000
00000000
00000000
00000000
00000000
00000000
00000000
00000000
00000000
00000000
00000000
00000000
00000000
00000000
00000000
00000000
00000000
00000000
00000000
00000000
00000000
00000000
00000000
00000000
00000000
00000000
00000000
00000000
00000000
00000000
00000000
00000000
00000000
00000000
00000000
00000000
00000000
00000000
00000000
