256
129
895
1
219
0
-1
0
0
0
1
0
0
0
894
0
1
1
2
1
90
0
-1
0
2
2
1
1
218
0
-1
0
3
3
1
0
3
0
2
0
4
4
2
1
89
0
-1
0
5
5
1
1
217
0
-1
0
6
6
1
0
6
0
5
0
7
7
2
1
88
0
-1
0
8
8
1
1
216
0
-1
0
9
9
1
0
9
0
8
0
10
10
2
1
87
0
-1
0
11
11
1
1
215
0
-1
0
12
12
1
0
12
0
11
0
13
13
2
1
86
0
-1
0
14
14
1
1
214
0
-1
0
15
15
1
0
15
0
14
0
16
16
2
1
85
0
-1
0
17
17
1
1
213
0
-1
0
18
18
1
0
18
0
17
0
19
19
2
1
84
0
-1
0
20
20
1
1
212
0
-1
0
21
21
1
0
21
0
20
0
22
22
2
1
83
0
-1
0
23
23
1
1
211
0
-1
0
24
24
1
0
24
0
23
0
25
25
2
1
82
0
-1
0
26
26
1
1
210
0
-1
0
27
27
1
0
27
0
26
0
28
28
2
1
81
0
-1
0
29
29
1
1
209
0
-1
0
30
30
1
0
30
0
29
0
31
31
2
1
80
0
-1
0
32
32
1
1
208
0
-1
0
33
33
1
0
33
0
32
0
34
34
2
1
79
0
-1
0
35
35
1
1
207
0
-1
0
36
36
1
0
36
0
35
0
37
37
2
1
78
0
-1
0
38
38
1
1
206
0
-1
0
39
39
1
0
39
0
38
0
40
40
2
1
77
0
-1
0
41
41
1
1
205
0
-1
0
42
42
1
0
42
0
41
0
43
43
2
1
76
0
-1
0
44
44
1
1
204
0
-1
0
45
45
1
0
45
0
44
0
46
46
2
1
75
0
-1
0
47
47
1
1
203
0
-1
0
48
48
1
0
48
0
47
0
49
49
2
1
74
0
-1
0
50
50
1
1
202
0
-1
0
51
51
1
0
51
0
50
0
52
52
2
1
73
0
-1
0
53
53
1
1
201
0
-1
0
54
54
1
0
54
0
53
0
55
55
2
1
72
0
-1
0
56
56
1
1
200
0
-1
0
57
57
1
0
57
0
56
0
58
58
2
1
71
0
-1
0
59
59
1
1
199
0
-1
0
60
60
1
0
60
0
59
0
61
61
2
1
70
0
-1
0
62
62
1
1
198
0
-1
0
63
63
1
0
63
0
62
0
64
64
2
1
69
0
-1
0
65
65
1
1
197
0
-1
0
66
66
1
0
66
0
65
0
67
67
2
1
68
0
-1
0
68
68
1
1
196
0
-1
0
69
69
1
0
69
0
68
0
70
70
2
1
67
0
-1
0
71
71
1
1
195
0
-1
0
72
72
1
0
72
0
71
0
73
73
2
1
66
0
-1
0
74
74
1
1
194
0
-1
0
75
75
1
0
75
0
74
0
76
76
2
1
65
0
-1
0
77
77
1
1
193
0
-1
0
78
78
1
0
78
0
77
0
79
79
2
1
64
0
-1
0
80
80
1
1
192
0
-1
0
81
81
1
0
81
0
80
0
82
82
2
1
63
0
-1
0
83
83
1
1
191
0
-1
0
84
84
1
0
84
0
83
0
85
85
2
1
62
0
-1
0
86
86
1
1
190
0
-1
0
87
87
1
0
87
0
86
0
88
88
2
1
61
0
-1
0
89
89
1
1
189
0
-1
0
90
90
1
0
90
0
89
0
91
91
2
1
60
0
-1
0
92
92
1
1
188
0
-1
0
93
93
1
0
93
0
92
0
94
94
2
1
59
0
-1
0
95
95
1
1
187
0
-1
0
96
96
1
0
96
0
95
0
97
97
2
1
58
0
-1
0
98
98
1
1
186
0
-1
0
99
99
1
0
99
0
98
0
100
100
2
1
57
0
-1
0
101
101
1
1
185
0
-1
0
102
102
1
0
102
0
101
0
103
103
2
1
56
0
-1
0
104
104
1
1
184
0
-1
0
105
105
1
0
105
0
104
0
106
106
2
1
55
0
-1
0
107
107
1
1
183
0
-1
0
108
108
1
0
108
0
107
0
109
109
2
1
54
0
-1
0
110
110
1
1
182
0
-1
0
111
111
1
0
111
0
110
0
112
112
2
1
53
0
-1
0
113
113
1
1
181
0
-1
0
114
114
1
0
114
0
113
0
115
115
2
1
52
0
-1
0
116
116
1
1
180
0
-1
0
117
117
1
0
117
0
116
0
118
118
2
1
51
0
-1
0
119
119
1
1
179
0
-1
0
120
120
1
0
120
0
119
0
121
121
2
1
50
0
-1
0
122
122
1
1
178
0
-1
0
123
123
1
0
123
0
122
0
124
124
2
1
49
0
-1
0
125
125
1
1
177
0
-1
0
126
126
1
0
126
0
125
0
127
127
2
1
48
0
-1
0
128
128
1
1
176
0
-1
0
129
129
1
0
129
0
128
0
130
130
2
1
47
0
-1
0
131
131
1
1
175
0
-1
0
132
132
1
0
132
0
131
0
133
133
2
1
46
0
-1
0
134
134
1
1
174
0
-1
0
135
135
1
0
135
0
134
0
136
136
2
1
45
0
-1
0
137
137
1
1
173
0
-1
0
138
138
1
0
138
0
137
0
139
139
2
1
44
0
-1
0
140
140
1
1
172
0
-1
0
141
141
1
0
141
0
140
0
142
142
2
1
43
0
-1
0
143
143
1
1
171
0
-1
0
144
144
1
0
144
0
143
0
145
145
2
1
42
0
-1
0
146
146
1
1
170
0
-1
0
147
147
1
0
147
0
146
0
148
148
2
1
41
0
-1
0
149
149
1
1
169
0
-1
0
150
150
1
0
150
0
149
0
151
151
2
1
40
0
-1
0
152
152
1
1
168
0
-1
0
153
153
1
0
153
0
152
0
154
154
2
1
39
0
-1
0
155
155
1
1
167
0
-1
0
156
156
1
0
156
0
155
0
157
157
2
1
38
0
-1
0
158
158
1
1
166
0
-1
0
159
159
1
0
159
0
158
0
160
160
2
1
37
0
-1
0
161
161
1
1
165
0
-1
0
162
162
1
0
162
0
161
0
163
163
2
1
36
0
-1
0
164
164
1
1
164
0
-1
0
165
165
1
0
165
0
164
0
166
166
2
1
35
0
-1
0
167
167
1
1
163
0
-1
0
168
168
1
0
168
0
167
0
169
169
2
1
34
0
-1
0
170
170
1
1
162
0
-1
0
171
171
1
0
171
0
170
0
172
172
2
1
33
0
-1
0
173
173
1
1
161
0
-1
0
174
174
1
0
174
0
173
0
175
175
2
1
32
0
-1
0
176
176
1
1
160
0
-1
0
177
177
1
0
177
0
176
0
178
178
2
1
31
0
-1
0
179
179
1
1
159
0
-1
0
180
180
1
0
180
0
179
0
181
181
2
1
30
0
-1
0
182
182
1
1
158
0
-1
0
183
183
1
0
183
0
182
0
184
184
2
1
29
0
-1
0
185
185
1
1
157
0
-1
0
186
186
1
0
186
0
185
0
187
187
2
1
28
0
-1
0
188
188
1
1
156
0
-1
0
189
189
1
0
189
0
188
0
190
190
2
1
27
0
-1
0
191
191
1
1
155
0
-1
0
192
192
1
0
192
0
191
0
193
193
2
1
26
0
-1
0
194
194
1
1
154
0
-1
0
195
195
1
0
195
0
194
0
196
196
2
1
25
0
-1
0
197
197
1
1
153
0
-1
0
198
198
1
0
198
0
197
0
199
199
2
1
24
0
-1
0
200
200
1
1
152
0
-1
0
201
201
1
0
201
0
200
0
202
202
2
1
23
0
-1
0
203
203
1
1
151
0
-1
0
204
204
1
0
204
0
203
0
205
205
2
1
22
0
-1
0
206
206
1
1
150
0
-1
0
207
207
1
0
207
0
206
0
208
208
2
1
21
0
-1
0
209
209
1
1
149
0
-1
0
210
210
1
0
210
0
209
0
211
211
2
1
20
0
-1
0
212
212
1
1
148
0
-1
0
213
213
1
0
213
0
212
0
214
214
2
1
19
0
-1
0
215
215
1
1
147
0
-1
0
216
216
1
0
216
0
215
0
217
217
2
1
18
0
-1
0
218
218
1
1
146
0
-1
0
219
219
1
0
219
0
218
0
220
220
2
1
17
0
-1
0
221
221
1
1
145
0
-1
0
222
222
1
0
222
0
221
0
223
223
2
1
16
0
-1
0
224
224
1
1
144
0
-1
0
225
225
1
0
225
0
224
0
226
226
2
1
15
0
-1
0
227
227
1
1
143
0
-1
0
228
228
1
0
228
0
227
0
229
229
2
1
14
0
-1
0
230
230
1
1
142
0
-1
0
231
231
1
0
231
0
230
0
232
232
2
1
13
0
-1
0
233
233
1
1
141
0
-1
0
234
234
1
0
234
0
233
0
235
235
2
1
12
0
-1
0
236
236
1
1
140
0
-1
0
237
237
1
0
237
0
236
0
238
238
2
1
11
0
-1
0
239
239
1
1
139
0
-1
0
240
240
1
0
240
0
239
0
241
241
2
1
10
0
-1
0
242
242
1
1
138
0
-1
0
243
243
1
0
243
0
242
0
244
244
2
1
9
0
-1
0
245
245
1
1
137
0
-1
0
246
246
1
0
246
0
245
0
247
247
2
1
8
0
-1
0
248
248
1
1
136
0
-1
0
249
249
1
0
249
0
248
0
250
250
2
1
7
0
-1
0
251
251
1
1
135
0
-1
0
252
252
1
0
252
0
251
0
253
253
2
1
6
0
-1
0
254
254
1
1
134
0
-1
0
255
255
1
0
255
0
254
0
256
256
2
1
5
0
-1
0
257
257
1
1
133
0
-1
0
258
258
1
0
258
0
257
0
259
259
2
1
4
0
-1
0
260
260
1
1
132
0
-1
0
261
261
1
0
261
0
260
0
262
262
2
1
3
0
-1
0
263
263
1
1
131
0
-1
0
264
264
1
0
264
0
263
0
265
265
2
1
2
0
-1
0
266
266
1
1
130
0
-1
0
267
267
1
0
267
0
266
0
268
268
2
1
1
0
-1
0
269
269
1
1
129
0
-1
0
270
270
1
0
270
0
269
0
271
271
2
1
0
0
-1
0
272
272
1
1
128
0
-1
0
273
273
1
0
273
0
272
0
274
274
2
0
274
0
-1
0
275
275
1
1
129
0
269
0
276
276
0
0
276
0
275
0
277
277
2
0
277
0
271
0
278
278
2
1
130
0
266
0
279
279
0
0
279
0
278
0
280
280
2
0
280
0
268
0
281
281
2
1
131
0
263
0
282
282
0
0
282
0
281
0
283
283
2
0
283
0
265
0
284
284
2
1
132
0
260
0
285
285
0
0
285
0
284
0
286
286
2
0
286
0
262
0
287
287
2
1
133
0
257
0
288
288
0
0
288
0
287
0
289
289
2
0
289
0
259
0
290
290
2
1
134
0
254
0
291
291
0
0
291
0
290
0
292
292
2
0
292
0
256
0
293
293
2
1
135
0
251
0
294
294
0
0
294
0
293
0
295
295
2
0
295
0
253
0
296
296
2
1
136
0
248
0
297
297
0
0
297
0
296
0
298
298
2
0
298
0
250
0
299
299
2
1
137
0
245
0
300
300
0
0
300
0
299
0
301
301
2
0
301
0
247
0
302
302
2
1
138
0
242
0
303
303
0
0
303
0
302
0
304
304
2
0
304
0
244
0
305
305
2
1
139
0
239
0
306
306
0
0
306
0
305
0
307
307
2
0
307
0
241
0
308
308
2
1
140
0
236
0
309
309
0
0
309
0
308
0
310
310
2
0
310
0
238
0
311
311
2
1
141
0
233
0
312
312
0
0
312
0
311
0
313
313
2
0
313
0
235
0
314
314
2
1
142
0
230
0
315
315
0
0
315
0
314
0
316
316
2
0
316
0
232
0
317
317
2
1
143
0
227
0
318
318
0
0
318
0
317
0
319
319
2
0
319
0
229
0
320
320
2
1
144
0
224
0
321
321
0
0
321
0
320
0
322
322
2
0
322
0
226
0
323
323
2
1
145
0
221
0
324
324
0
0
324
0
323
0
325
325
2
0
325
0
223
0
326
326
2
1
146
0
218
0
327
327
0
0
327
0
326
0
328
328
2
0
328
0
220
0
329
329
2
1
147
0
215
0
330
330
0
0
330
0
329
0
331
331
2
0
331
0
217
0
332
332
2
1
148
0
212
0
333
333
0
0
333
0
332
0
334
334
2
0
334
0
214
0
335
335
2
1
149
0
209
0
336
336
0
0
336
0
335
0
337
337
2
0
337
0
211
0
338
338
2
1
150
0
206
0
339
339
0
0
339
0
338
0
340
340
2
0
340
0
208
0
341
341
2
1
151
0
203
0
342
342
0
0
342
0
341
0
343
343
2
0
343
0
205
0
344
344
2
1
152
0
200
0
345
345
0
0
345
0
344
0
346
346
2
0
346
0
202
0
347
347
2
1
153
0
197
0
348
348
0
0
348
0
347
0
349
349
2
0
349
0
199
0
350
350
2
1
154
0
194
0
351
351
0
0
351
0
350
0
352
352
2
0
352
0
196
0
353
353
2
1
155
0
191
0
354
354
0
0
354
0
353
0
355
355
2
0
355
0
193
0
356
356
2
1
156
0
188
0
357
357
0
0
357
0
356
0
358
358
2
0
358
0
190
0
359
359
2
1
157
0
185
0
360
360
0
0
360
0
359
0
361
361
2
0
361
0
187
0
362
362
2
1
158
0
182
0
363
363
0
0
363
0
362
0
364
364
2
0
364
0
184
0
365
365
2
1
159
0
179
0
366
366
0
0
366
0
365
0
367
367
2
0
367
0
181
0
368
368
2
1
160
0
176
0
369
369
0
0
369
0
368
0
370
370
2
0
370
0
178
0
371
371
2
1
161
0
173
0
372
372
0
0
372
0
371
0
373
373
2
0
373
0
175
0
374
374
2
1
162
0
170
0
375
375
0
0
375
0
374
0
376
376
2
0
376
0
172
0
377
377
2
1
163
0
167
0
378
378
0
0
378
0
377
0
379
379
2
0
379
0
169
0
380
380
2
1
164
0
164
0
381
381
0
0
381
0
380
0
382
382
2
0
382
0
166
0
383
383
2
1
165
0
161
0
384
384
0
0
384
0
383
0
385
385
2
0
385
0
163
0
386
386
2
1
166
0
158
0
387
387
0
0
387
0
386
0
388
388
2
0
388
0
160
0
389
389
2
1
167
0
155
0
390
390
0
0
390
0
389
0
391
391
2
0
391
0
157
0
392
392
2
1
168
0
152
0
393
393
0
0
393
0
392
0
394
394
2
0
394
0
154
0
395
395
2
1
169
0
149
0
396
396
0
0
396
0
395
0
397
397
2
0
397
0
151
0
398
398
2
1
170
0
146
0
399
399
0
0
399
0
398
0
400
400
2
0
400
0
148
0
401
401
2
1
171
0
143
0
402
402
0
0
402
0
401
0
403
403
2
0
403
0
145
0
404
404
2
1
172
0
140
0
405
405
0
0
405
0
404
0
406
406
2
0
406
0
142
0
407
407
2
1
173
0
137
0
408
408
0
0
408
0
407
0
409
409
2
0
409
0
139
0
410
410
2
1
174
0
134
0
411
411
0
0
411
0
410
0
412
412
2
0
412
0
136
0
413
413
2
1
175
0
131
0
414
414
0
0
414
0
413
0
415
415
2
0
415
0
133
0
416
416
2
1
176
0
128
0
417
417
0
0
417
0
416
0
418
418
2
0
418
0
130
0
419
419
2
1
177
0
125
0
420
420
0
0
420
0
419
0
421
421
2
0
421
0
127
0
422
422
2
1
178
0
122
0
423
423
0
0
423
0
422
0
424
424
2
0
424
0
124
0
425
425
2
1
179
0
119
0
426
426
0
0
426
0
425
0
427
427
2
0
427
0
121
0
428
428
2
1
180
0
116
0
429
429
0
0
429
0
428
0
430
430
2
0
430
0
118
0
431
431
2
1
181
0
113
0
432
432
0
0
432
0
431
0
433
433
2
0
433
0
115
0
434
434
2
1
182
0
110
0
435
435
0
0
435
0
434
0
436
436
2
0
436
0
112
0
437
437
2
1
183
0
107
0
438
438
0
0
438
0
437
0
439
439
2
0
439
0
109
0
440
440
2
1
184
0
104
0
441
441
0
0
441
0
440
0
442
442
2
0
442
0
106
0
443
443
2
1
185
0
101
0
444
444
0
0
444
0
443
0
445
445
2
0
445
0
103
0
446
446
2
1
186
0
98
0
447
447
0
0
447
0
446
0
448
448
2
0
448
0
100
0
449
449
2
1
187
0
95
0
450
450
0
0
450
0
449
0
451
451
2
0
451
0
97
0
452
452
2
1
188
0
92
0
453
453
0
0
453
0
452
0
454
454
2
0
454
0
94
0
455
455
2
1
189
0
89
0
456
456
0
0
456
0
455
0
457
457
2
0
457
0
91
0
458
458
2
1
190
0
86
0
459
459
0
0
459
0
458
0
460
460
2
0
460
0
88
0
461
461
2
1
191
0
83
0
462
462
0
0
462
0
461
0
463
463
2
0
463
0
85
0
464
464
2
1
192
0
80
0
465
465
0
0
465
0
464
0
466
466
2
0
466
0
82
0
467
467
2
1
193
0
77
0
468
468
0
0
468
0
467
0
469
469
2
0
469
0
79
0
470
470
2
1
194
0
74
0
471
471
0
0
471
0
470
0
472
472
2
0
472
0
76
0
473
473
2
1
195
0
71
0
474
474
0
0
474
0
473
0
475
475
2
0
475
0
73
0
476
476
2
1
196
0
68
0
477
477
0
0
477
0
476
0
478
478
2
0
478
0
70
0
479
479
2
1
197
0
65
0
480
480
0
0
480
0
479
0
481
481
2
0
481
0
67
0
482
482
2
1
198
0
62
0
483
483
0
0
483
0
482
0
484
484
2
0
484
0
64
0
485
485
2
1
199
0
59
0
486
486
0
0
486
0
485
0
487
487
2
0
487
0
61
0
488
488
2
1
200
0
56
0
489
489
0
0
489
0
488
0
490
490
2
0
490
0
58
0
491
491
2
1
201
0
53
0
492
492
0
0
492
0
491
0
493
493
2
0
493
0
55
0
494
494
2
1
202
0
50
0
495
495
0
0
495
0
494
0
496
496
2
0
496
0
52
0
497
497
2
1
203
0
47
0
498
498
0
0
498
0
497
0
499
499
2
0
499
0
49
0
500
500
2
1
204
0
44
0
501
501
0
0
501
0
500
0
502
502
2
0
502
0
46
0
503
503
2
1
205
0
41
0
504
504
0
0
504
0
503
0
505
505
2
0
505
0
43
0
506
506
2
1
206
0
38
0
507
507
0
0
507
0
506
0
508
508
2
0
508
0
40
0
509
509
2
1
207
0
35
0
510
510
0
0
510
0
509
0
511
511
2
0
511
0
37
0
512
512
2
1
208
0
32
0
513
513
0
0
513
0
512
0
514
514
2
0
514
0
34
0
515
515
2
1
209
0
29
0
516
516
0
0
516
0
515
0
517
517
2
0
517
0
31
0
518
518
2
1
210
0
26
0
519
519
0
0
519
0
518
0
520
520
2
0
520
0
28
0
521
521
2
1
211
0
23
0
522
522
0
0
522
0
521
0
523
523
2
0
523
0
25
0
524
524
2
1
212
0
20
0
525
525
0
0
525
0
524
0
526
526
2
0
526
0
22
0
527
527
2
1
213
0
17
0
528
528
0
0
528
0
527
0
529
529
2
0
529
0
19
0
530
530
2
1
214
0
14
0
531
531
0
0
531
0
530
0
532
532
2
0
532
0
16
0
533
533
2
1
215
0
11
0
534
534
0
0
534
0
533
0
535
535
2
0
535
0
13
0
536
536
2
1
216
0
8
0
537
537
0
0
537
0
536
0
538
538
2
0
538
0
10
0
539
539
2
1
217
0
5
0
540
540
0
0
540
0
539
0
541
541
2
0
541
0
7
0
542
542
2
1
218
0
2
0
543
543
0
0
543
0
542
0
544
544
2
0
544
0
4
0
545
545
2
1
219
0
894
0
546
546
0
0
546
0
545
0
547
547
2
0
547
0
1
0
548
548
2
1
220
0
882
0
549
549
0
0
549
0
548
0
550
550
2
0
550
0
893
0
551
551
2
1
221
0
849
0
552
552
0
0
552
0
551
0
553
553
2
0
553
0
871
0
554
554
2
1
222
0
816
0
555
555
0
0
555
0
554
0
556
556
2
0
556
0
838
0
557
557
2
1
223
0
783
0
558
558
0
0
558
0
557
0
559
559
2
0
559
0
805
0
560
560
2
1
224
0
750
0
561
561
0
0
561
0
560
0
562
562
2
0
562
0
772
0
563
563
2
1
225
0
717
0
564
564
0
0
564
0
563
0
565
565
2
0
565
0
739
0
566
566
2
1
226
0
684
0
567
567
0
0
567
0
566
0
568
568
2
0
568
0
706
0
569
569
2
1
227
0
651
0
570
570
0
0
570
0
569
0
571
571
2
0
571
0
673
0
572
572
2
1
100
0
-1
0
573
573
1
1
228
0
573
0
574
574
0
0
574
0
572
1
100
575
0
1
228
0
-1
0
576
576
1
0
576
0
573
0
577
577
2
0
574
0
572
0
578
578
2
0
578
0
577
0
579
579
2
1
101
0
-1
0
580
580
1
1
229
0
580
0
581
581
0
0
581
0
579
1
101
582
0
1
229
0
-1
0
583
583
1
0
583
0
580
0
584
584
2
0
581
0
579
0
585
585
2
0
585
0
584
0
586
586
2
1
102
0
-1
0
587
587
1
1
230
0
587
0
588
588
0
0
588
0
586
1
102
589
0
1
230
0
-1
0
590
590
1
0
590
0
587
0
591
591
2
0
588
0
586
0
592
592
2
0
592
0
591
0
593
593
2
1
103
0
-1
0
594
594
1
1
231
0
594
0
595
595
0
0
595
0
593
1
103
596
0
1
231
0
-1
0
597
597
1
0
597
0
594
0
598
598
2
0
595
0
593
0
599
599
2
0
599
0
598
0
600
600
2
1
104
0
-1
0
601
601
1
1
232
0
601
0
602
602
0
0
602
0
600
1
104
603
0
1
232
0
-1
0
604
604
1
0
604
0
601
0
605
605
2
0
602
0
600
0
606
606
2
0
606
0
605
0
607
607
2
1
105
0
-1
0
608
608
1
1
233
0
608
0
609
609
0
0
609
0
607
1
105
610
0
1
233
0
-1
0
611
611
1
0
611
0
608
0
612
612
2
0
609
0
607
0
613
613
2
0
613
0
612
0
614
614
2
1
106
0
-1
0
615
615
1
1
234
0
615
0
616
616
0
0
616
0
614
1
106
617
0
1
234
0
-1
0
618
618
1
0
618
0
615
0
619
619
2
0
616
0
614
0
620
620
2
0
620
0
619
0
621
621
2
1
107
0
-1
0
622
622
1
1
235
0
622
0
623
623
0
0
623
0
621
1
107
624
0
1
235
0
-1
0
625
625
1
0
625
0
622
0
626
626
2
0
623
0
621
0
627
627
2
0
627
0
626
0
628
628
2
1
108
0
-1
0
629
629
1
1
236
0
629
0
630
630
0
0
630
0
628
1
108
631
0
1
236
0
-1
0
632
632
1
0
632
0
629
0
633
633
2
0
630
0
628
0
634
634
2
0
634
0
633
0
635
635
2
1
109
0
-1
0
636
636
1
1
237
0
636
0
637
637
0
0
637
0
635
1
109
638
0
0
303
0
302
1
10
639
0
1
128
1
0
1
0
640
0
1
237
0
-1
0
641
641
1
0
641
0
636
0
642
642
2
0
637
0
635
0
643
643
2
0
643
0
642
0
644
644
2
1
110
0
-1
0
645
645
1
1
238
0
645
0
646
646
0
0
646
0
644
1
110
647
0
1
238
0
-1
0
648
648
1
0
648
0
645
0
649
649
2
0
646
0
644
0
650
650
2
1
99
0
-1
0
651
651
1
0
650
0
649
0
652
652
2
1
111
0
-1
0
653
653
1
1
239
0
653
0
654
654
0
0
654
0
652
1
111
655
0
1
239
0
-1
0
656
656
1
0
656
0
653
0
657
657
2
0
654
0
652
0
658
658
2
0
658
0
657
0
659
659
2
1
112
0
-1
0
660
660
1
1
240
0
660
0
661
661
0
1
227
0
-1
0
662
662
1
0
661
0
659
1
112
663
0
1
240
0
-1
0
664
664
1
0
664
0
660
0
665
665
2
0
661
0
659
0
666
666
2
0
666
0
665
0
667
667
2
1
113
0
-1
0
668
668
1
1
241
0
668
0
669
669
0
0
669
0
667
1
113
670
0
1
241
0
-1
0
671
671
1
0
671
0
668
0
672
672
2
0
662
0
651
0
673
673
2
0
669
0
667
0
674
674
2
0
674
0
672
0
675
675
2
1
114
0
-1
0
676
676
1
1
242
0
676
0
677
677
0
0
677
0
675
1
114
678
0
1
242
0
-1
0
679
679
1
0
679
0
676
0
680
680
2
0
677
0
675
0
681
681
2
0
681
0
680
0
682
682
2
1
115
0
-1
0
683
683
1
1
98
0
-1
0
684
684
1
1
243
0
683
0
685
685
0
0
685
0
682
1
115
686
0
1
243
0
-1
0
687
687
1
0
687
0
683
0
688
688
2
0
685
0
682
0
689
689
2
0
689
0
688
0
690
690
2
1
116
0
-1
0
691
691
1
1
244
0
691
0
692
692
0
0
692
0
690
1
116
693
0
1
244
0
-1
0
694
694
1
1
226
0
-1
0
695
695
1
0
694
0
691
0
696
696
2
0
692
0
690
0
697
697
2
0
697
0
696
0
698
698
2
1
117
0
-1
0
699
699
1
1
245
0
699
0
700
700
0
0
700
0
698
1
117
701
0
1
245
0
-1
0
702
702
1
0
702
0
699
0
703
703
2
0
700
0
698
0
704
704
2
0
704
0
703
0
705
705
2
0
695
0
684
0
706
706
2
1
118
0
-1
0
707
707
1
1
246
0
707
0
708
708
0
0
708
0
705
1
118
709
0
1
246
0
-1
0
710
710
1
0
710
0
707
0
711
711
2
0
708
0
705
0
712
712
2
0
712
0
711
0
713
713
2
1
119
0
-1
0
714
714
1
1
247
0
714
0
715
715
0
0
715
0
713
1
119
716
0
1
97
0
-1
0
717
717
1
0
306
0
305
1
11
718
0
1
247
0
-1
0
719
719
1
0
719
0
714
0
720
720
2
0
715
0
713
0
721
721
2
0
721
0
720
0
722
722
2
1
120
0
-1
0
723
723
1
1
248
0
723
0
724
724
0
0
724
0
722
1
120
725
0
1
248
0
-1
0
726
726
1
0
726
0
723
0
727
727
2
1
225
0
-1
0
728
728
1
0
724
0
722
0
729
729
2
0
729
0
727
0
730
730
2
1
121
0
-1
0
731
731
1
1
249
0
731
0
732
732
0
0
732
0
730
1
121
733
0
1
249
0
-1
0
734
734
1
0
734
0
731
0
735
735
2
0
732
0
730
0
736
736
2
0
736
0
735
0
737
737
2
1
122
0
-1
0
738
738
1
0
728
0
717
0
739
739
2
1
250
0
738
0
740
740
0
0
740
0
737
1
122
741
0
1
250
0
-1
0
742
742
1
0
742
0
738
0
743
743
2
0
740
0
737
0
744
744
2
0
744
0
743
0
745
745
2
1
123
0
-1
0
746
746
1
1
251
0
746
0
747
747
0
0
747
0
745
1
123
748
0
1
251
0
-1
0
749
749
1
1
96
0
-1
0
750
750
1
0
749
0
746
0
751
751
2
0
747
0
745
0
752
752
2
0
752
0
751
0
753
753
2
1
124
0
-1
0
754
754
1
1
252
0
754
0
755
755
0
0
755
0
753
1
124
756
0
1
252
0
-1
0
757
757
1
0
757
0
754
0
758
758
2
0
755
0
753
0
759
759
2
0
759
0
758
0
760
760
2
1
224
0
-1
0
761
761
1
1
125
0
-1
0
762
762
1
1
253
0
762
0
763
763
0
0
763
0
760
1
125
764
0
1
253
0
-1
0
765
765
1
0
765
0
762
0
766
766
2
0
763
0
760
0
767
767
2
0
767
0
766
0
768
768
2
1
126
0
-1
0
769
769
1
1
254
0
769
0
770
770
0
0
770
0
768
1
126
771
0
0
761
0
750
0
772
772
2
1
254
0
-1
0
773
773
1
0
773
0
769
0
774
774
2
0
770
0
768
0
775
775
2
0
775
0
774
0
776
776
2
1
127
0
-1
0
777
777
1
1
255
0
777
0
778
778
0
0
778
0
776
1
127
779
0
1
255
0
-1
0
780
780
1
0
780
0
777
0
781
781
2
0
778
0
776
0
782
782
2
1
95
0
-1
0
783
783
1
0
782
0
781
0
784
784
2
0
784
0
-1
1
128
785
1
0
309
0
308
1
12
786
0
0
312
0
311
1
13
787
0
0
315
0
314
1
14
788
0
0
318
0
317
1
15
789
0
0
321
0
320
1
16
790
0
0
324
0
323
1
17
791
0
0
327
0
326
1
18
792
0
0
330
0
329
1
19
793
0
1
223
0
-1
0
794
794
1
0
276
0
275
1
1
795
0
0
333
0
332
1
20
796
0
0
336
0
335
1
21
797
0
0
339
0
338
1
22
798
0
0
342
0
341
1
23
799
0
0
345
0
344
1
24
800
0
0
348
0
347
1
25
801
0
0
351
0
350
1
26
802
0
0
354
0
353
1
27
803
0
0
357
0
356
1
28
804
0
0
794
0
783
0
805
805
2
0
360
0
359
1
29
806
0
0
279
0
278
1
2
807
0
0
363
0
362
1
30
808
0
0
366
0
365
1
31
809
0
0
369
0
368
1
32
810
0
0
372
0
371
1
33
811
0
0
375
0
374
1
34
812
0
0
378
0
377
1
35
813
0
0
381
0
380
1
36
814
0
0
384
0
383
1
37
815
0
1
94
0
-1
0
816
816
1
0
387
0
386
1
38
817
0
0
390
0
389
1
39
818
0
0
282
0
281
1
3
819
0
0
393
0
392
1
40
820
0
0
396
0
395
1
41
821
0
0
399
0
398
1
42
822
0
0
402
0
401
1
43
823
0
0
405
0
404
1
44
824
0
0
408
0
407
1
45
825
0
0
411
0
410
1
46
826
0
1
222
0
-1
0
827
827
1
0
414
0
413
1
47
828
0
0
417
0
416
1
48
829
0
0
420
0
419
1
49
830
0
0
285
0
284
1
4
831
0
0
423
0
422
1
50
832
0
0
426
0
425
1
51
833
0
0
429
0
428
1
52
834
0
0
432
0
431
1
53
835
0
0
435
0
434
1
54
836
0
0
438
0
437
1
55
837
0
0
827
0
816
0
838
838
2
0
441
0
440
1
56
839
0
0
444
0
443
1
57
840
0
0
447
0
446
1
58
841
0
0
450
0
449
1
59
842
0
0
288
0
287
1
5
843
0
0
453
0
452
1
60
844
0
0
456
0
455
1
61
845
0
0
459
0
458
1
62
846
0
0
462
0
461
1
63
847
0
0
465
0
464
1
64
848
0
1
93
0
-1
0
849
849
1
0
468
0
467
1
65
850
0
0
471
0
470
1
66
851
0
0
474
0
473
1
67
852
0
0
477
0
476
1
68
853
0
0
480
0
479
1
69
854
0
0
291
0
290
1
6
855
0
0
483
0
482
1
70
856
0
0
486
0
485
1
71
857
0
0
489
0
488
1
72
858
0
0
492
0
491
1
73
859
0
1
221
0
-1
0
860
860
1
0
495
0
494
1
74
861
0
0
498
0
497
1
75
862
0
0
501
0
500
1
76
863
0
0
504
0
503
1
77
864
0
0
507
0
506
1
78
865
0
0
510
0
509
1
79
866
0
0
294
0
293
1
7
867
0
0
513
0
512
1
80
868
0
0
516
0
515
1
81
869
0
0
519
0
518
1
82
870
0
0
860
0
849
0
871
871
2
0
522
0
521
1
83
872
0
0
525
0
524
1
84
873
0
0
528
0
527
1
85
874
0
0
531
0
530
1
86
875
0
0
534
0
533
1
87
876
0
0
537
0
536
1
88
877
0
0
540
0
539
1
89
878
0
0
297
0
296
1
8
879
0
0
543
0
542
1
90
880
0
0
546
0
545
1
91
881
0
1
92
0
-1
0
882
882
1
0
549
0
548
1
92
883
0
0
552
0
551
1
93
884
0
0
555
0
554
1
94
885
0
0
558
0
557
1
95
886
0
0
561
0
560
1
96
887
0
0
564
0
563
1
97
888
0
0
567
0
566
1
98
889
0
0
570
0
569
1
99
890
0
0
300
0
299
1
9
891
0
1
220
0
-1
0
892
892
1
0
892
0
882
0
893
893
2
1
91
0
-1
0
894
894
1
