48
128
0
272
273
129
269
270
2
266
267
3
47
131
263
264
260
132
261
5
257
258
44
45
6
254
134
255
251
135
252
8
248
249
9
245
137
246
138
242
243
11
239
240
12
236
140
237
233
141
234
14
230
231
42
41
15
143
227
228
144
224
225
17
221
222
18
218
146
219
215
147
216
20
212
213
21
149
209
210
206
150
207
23
203
204
38
39
24
200
152
201
153
197
198
26
194
195
27
155
191
192
188
156
189
29
185
186
30
182
158
183
179
159
180
32
176
177
36
35
33
161
173
174
162
170
171
167
168
164
165
125
126
50
122
123
51
119
120
116
117
53
113
114
54
110
111
107
108
56
104
105
57
101
102
98
99
59
95
96
60
92
93
89
90
62
86
87
63
83
84
80
81
65
77
78
66
74
75
71
72
68
69
573
576
580
583
587
590
594
597
601
604
608
611
615
618
622
625
629
632
636
641
645
648
653
656
660
664
668
671
676
679
683
687
691
694
699
702
707
710
714
719
723
726
731
734
738
742
746
749
754
757
762
765
769
773
777
780
783
761
816
651
892
717
728
849
695
750
882
662
860
684
794
827
894
640
1
274
276
271
130
279
268
282
265
4
285
262
133
288
259
46
291
256
7
294
253
136
297
250
300
247
10
303
244
139
306
241
309
238
13
312
235
142
315
232
43
318
229
16
321
226
145
324
223
327
220
19
330
217
148
333
214
336
211
22
339
208
151
342
205
40
345
202
25
348
199
154
351
196
354
193
28
357
190
157
360
187
363
184
31
366
181
160
369
178
37
372
175
34
375
172
163
378
169
381
166
384
387
390
393
396
399
402
405
408
411
414
417
49
420
127
423
124
426
121
52
429
118
432
115
435
112
55
438
109
441
106
444
103
58
447
100
450
97
453
94
61
456
91
459
88
462
85
64
465
82
468
79
471
76
67
474
73
477
70
480
483
486
489
492
495
498
501
504
507
510
513
516
519
522
525
528
531
534
537
540
543
546
549
552
555
558
561
564
567
570
574
577
581
584
588
591
595
598
602
605
609
612
616
619
623
626
630
633
637
642
646
649
654
657
661
665
669
672
677
680
685
688
692
696
700
703
708
711
715
720
724
727
732
735
740
743
747
751
755
758
763
766
770
774
778
781
805
871
673
706
893
772
838
739
275
277
795
278
280
807
281
283
819
284
286
831
287
289
843
290
292
855
293
295
867
296
298
879
299
301
891
302
304
639
305
307
718
308
310
786
311
313
787
314
316
788
317
319
789
320
322
790
323
325
791
326
328
792
329
331
793
332
334
796
335
337
797
338
340
798
341
343
799
344
346
800
347
349
801
350
352
802
353
355
803
356
358
804
359
361
806
362
364
808
365
367
809
368
370
810
371
373
811
374
376
812
377
379
813
380
382
814
383
385
815
386
388
817
389
391
818
392
394
820
395
397
821
398
400
822
401
403
823
404
406
824
407
409
825
410
412
826
413
415
828
416
418
829
419
421
830
422
424
832
425
427
833
428
430
834
431
433
835
434
436
836
437
439
837
440
442
839
443
445
840
446
448
841
449
451
842
452
454
844
455
457
845
458
460
846
461
463
847
464
466
848
467
469
850
470
472
851
473
475
852
476
478
853
479
481
854
482
484
856
485
487
857
488
490
858
491
493
859
494
496
861
497
499
862
500
502
863
503
505
864
506
508
865
509
511
866
512
514
868
515
517
869
518
520
870
521
523
872
524
526
873
527
529
874
530
532
875
533
535
876
536
538
877
539
541
878
542
544
880
545
547
881
548
550
883
551
553
884
554
556
885
557
559
886
560
562
887
563
565
888
566
568
889
569
571
890
572
578
575
579
585
582
586
592
589
593
599
596
600
606
603
607
613
610
614
620
617
621
627
624
628
634
631
635
643
638
644
650
647
652
658
655
659
666
663
667
674
670
675
681
678
682
689
686
690
697
693
698
704
701
705
712
709
713
721
716
722
729
725
730
736
733
737
744
741
745
752
748
753
759
756
760
767
764
768
775
771
776
782
779
784
785
